This is Spiral Matrix I program.
Please input the row and col of the matrix to build:
Row = 6
Col = 7
  1  2  3  4  5  6  7
  8  9 10 11 12 13 14
 15 16 17 18 19 20 21
 22 23 24 25 26 27 28
 29 30 31 32 33 34 35
 36 37 38 39 40 41 42

openPosition matrix shows whether a position has been visited or not:
  0  0  0  0  0  0  0
  0  0  0  0  0  0  0
  0  0  0  0  0  0  0
  0  0  0  0  0  0  0
  0  0  0  0  0  0  0
  0  0  0  0  0  0  0

m=0, n=0, row=6, col=7
  1  1  1  1  1  1  1
  0  0  0  0  0  0  0
  0  0  0  0  0  0  0
  0  0  0  0  0  0  0
  0  0  0  0  0  0  0
  0  0  0  0  0  0  0

  1  1  1  1  1  1  1
  0  0  0  0  0  0  1
  0  0  0  0  0  0  1
  0  0  0  0  0  0  1
  0  0  0  0  0  0  1
  0  0  0  0  0  0  1

  1  1  1  1  1  1  1
  0  0  0  0  0  0  1
  0  0  0  0  0  0  1
  0  0  0  0  0  0  1
  0  0  0  0  0  0  1
  1  1  1  1  1  1  1

After traversal one circle:
  1  1  1  1  1  1  1
  1  0  0  0  0  0  1
  1  0  0  0  0  0  1
  1  0  0  0  0  0  1
  1  0  0  0  0  0  1
  1  1  1  1  1  1  1

m=1, n=1, row=4, col=5
  1  1  1  1  1  1  1
  1  1  1  1  1  1  1
  1  0  0  0  0  0  1
  1  0  0  0  0  0  1
  1  0  0  0  0  0  1
  1  1  1  1  1  1  1

  1  1  1  1  1  1  1
  1  1  1  1  1  1  1
  1  0  0  0  0  1  1
  1  0  0  0  0  1  1
  1  0  0  0  0  1  1
  1  1  1  1  1  1  1

  1  1  1  1  1  1  1
  1  1  1  1  1  1  1
  1  0  0  0  0  1  1
  1  0  0  0  0  1  1
  1  1  1  1  1  1  1
  1  1  1  1  1  1  1

After traversal one circle:
  1  1  1  1  1  1  1
  1  1  1  1  1  1  1
  1  1  0  0  0  1  1
  1  1  0  0  0  1  1
  1  1  1  1  1  1  1
  1  1  1  1  1  1  1

m=2, n=2, row=2, col=3
  1  1  1  1  1  1  1
  1  1  1  1  1  1  1
  1  1  1  1  1  1  1
  1  1  0  0  0  1  1
  1  1  1  1  1  1  1
  1  1  1  1  1  1  1

  1  1  1  1  1  1  1
  1  1  1  1  1  1  1
  1  1  1  1  1  1  1
  1  1  0  0  1  1  1
  1  1  1  1  1  1  1
  1  1  1  1  1  1  1

  1  1  1  1  1  1  1
  1  1  1  1  1  1  1
  1  1  1  1  1  1  1
  1  1  1  1  1  1  1
  1  1  1  1  1  1  1
  1  1  1  1  1  1  1

After traversal one circle:
  1  1  1  1  1  1  1
  1  1  1  1  1  1  1
  1  1  1  1  1  1  1
  1  1  1  1  1  1  1
  1  1  1  1  1  1  1
  1  1  1  1  1  1  1

Print out the array list: 
 1 2 3 4 5 6 7 14 21 28 35 42 41 40 39 38 37 36 29 22 15 8 9 10 11 12 13 20 27 34 33 32 31 30 23 16 17 18 19 26 25 24

Row = 6
Col = 7
  1  2  3  4  5  6  7
  8  9 10 11 12 13 14
 15 16 17 18 19 20 21
 22 23 24 25 26 27 28
 29 30 31 32 33 34 35
 36 37 38 39 40 41 42



/********************************************************
*********************************************************
********************************************************/


This is Spiral Matrix I program.
Please input the row and col of the matrix to build:
Row = 8
Col = 8
  1  2  3  4  5  6  7  8
  9 10 11 12 13 14 15 16
 17 18 19 20 21 22 23 24
 25 26 27 28 29 30 31 32
 33 34 35 36 37 38 39 40
 41 42 43 44 45 46 47 48
 49 50 51 52 53 54 55 56
 57 58 59 60 61 62 63 64

openPosition matrix shows whether a position has been visited or not:
  0  0  0  0  0  0  0  0
  0  0  0  0  0  0  0  0
  0  0  0  0  0  0  0  0
  0  0  0  0  0  0  0  0
  0  0  0  0  0  0  0  0
  0  0  0  0  0  0  0  0
  0  0  0  0  0  0  0  0
  0  0  0  0  0  0  0  0

m=0, n=0, row=8, col=8
  1  1  1  1  1  1  1  1
  0  0  0  0  0  0  0  0
  0  0  0  0  0  0  0  0
  0  0  0  0  0  0  0  0
  0  0  0  0  0  0  0  0
  0  0  0  0  0  0  0  0
  0  0  0  0  0  0  0  0
  0  0  0  0  0  0  0  0

  1  1  1  1  1  1  1  1
  0  0  0  0  0  0  0  1
  0  0  0  0  0  0  0  1
  0  0  0  0  0  0  0  1
  0  0  0  0  0  0  0  1
  0  0  0  0  0  0  0  1
  0  0  0  0  0  0  0  1
  0  0  0  0  0  0  0  1

  1  1  1  1  1  1  1  1
  0  0  0  0  0  0  0  1
  0  0  0  0  0  0  0  1
  0  0  0  0  0  0  0  1
  0  0  0  0  0  0  0  1
  0  0  0  0  0  0  0  1
  0  0  0  0  0  0  0  1
  1  1  1  1  1  1  1  1

After traversal one circle:
  1  1  1  1  1  1  1  1
  1  0  0  0  0  0  0  1
  1  0  0  0  0  0  0  1
  1  0  0  0  0  0  0  1
  1  0  0  0  0  0  0  1
  1  0  0  0  0  0  0  1
  1  0  0  0  0  0  0  1
  1  1  1  1  1  1  1  1

m=1, n=1, row=6, col=6
  1  1  1  1  1  1  1  1
  1  1  1  1  1  1  1  1
  1  0  0  0  0  0  0  1
  1  0  0  0  0  0  0  1
  1  0  0  0  0  0  0  1
  1  0  0  0  0  0  0  1
  1  0  0  0  0  0  0  1
  1  1  1  1  1  1  1  1

  1  1  1  1  1  1  1  1
  1  1  1  1  1  1  1  1
  1  0  0  0  0  0  1  1
  1  0  0  0  0  0  1  1
  1  0  0  0  0  0  1  1
  1  0  0  0  0  0  1  1
  1  0  0  0  0  0  1  1
  1  1  1  1  1  1  1  1

  1  1  1  1  1  1  1  1
  1  1  1  1  1  1  1  1
  1  0  0  0  0  0  1  1
  1  0  0  0  0  0  1  1
  1  0  0  0  0  0  1  1
  1  0  0  0  0  0  1  1
  1  1  1  1  1  1  1  1
  1  1  1  1  1  1  1  1

After traversal one circle:
  1  1  1  1  1  1  1  1
  1  1  1  1  1  1  1  1
  1  1  0  0  0  0  1  1
  1  1  0  0  0  0  1  1
  1  1  0  0  0  0  1  1
  1  1  0  0  0  0  1  1
  1  1  1  1  1  1  1  1
  1  1  1  1  1  1  1  1

m=2, n=2, row=4, col=4
  1  1  1  1  1  1  1  1
  1  1  1  1  1  1  1  1
  1  1  1  1  1  1  1  1
  1  1  0  0  0  0  1  1
  1  1  0  0  0  0  1  1
  1  1  0  0  0  0  1  1
  1  1  1  1  1  1  1  1
  1  1  1  1  1  1  1  1

  1  1  1  1  1  1  1  1
  1  1  1  1  1  1  1  1
  1  1  1  1  1  1  1  1
  1  1  0  0  0  1  1  1
  1  1  0  0  0  1  1  1
  1  1  0  0  0  1  1  1
  1  1  1  1  1  1  1  1
  1  1  1  1  1  1  1  1

  1  1  1  1  1  1  1  1
  1  1  1  1  1  1  1  1
  1  1  1  1  1  1  1  1
  1  1  0  0  0  1  1  1
  1  1  0  0  0  1  1  1
  1  1  1  1  1  1  1  1
  1  1  1  1  1  1  1  1
  1  1  1  1  1  1  1  1

After traversal one circle:
  1  1  1  1  1  1  1  1
  1  1  1  1  1  1  1  1
  1  1  1  1  1  1  1  1
  1  1  1  0  0  1  1  1
  1  1  1  0  0  1  1  1
  1  1  1  1  1  1  1  1
  1  1  1  1  1  1  1  1
  1  1  1  1  1  1  1  1

m=3, n=3, row=2, col=2
  1  1  1  1  1  1  1  1
  1  1  1  1  1  1  1  1
  1  1  1  1  1  1  1  1
  1  1  1  1  1  1  1  1
  1  1  1  0  0  1  1  1
  1  1  1  1  1  1  1  1
  1  1  1  1  1  1  1  1
  1  1  1  1  1  1  1  1

  1  1  1  1  1  1  1  1
  1  1  1  1  1  1  1  1
  1  1  1  1  1  1  1  1
  1  1  1  1  1  1  1  1
  1  1  1  0  1  1  1  1
  1  1  1  1  1  1  1  1
  1  1  1  1  1  1  1  1
  1  1  1  1  1  1  1  1

  1  1  1  1  1  1  1  1
  1  1  1  1  1  1  1  1
  1  1  1  1  1  1  1  1
  1  1  1  1  1  1  1  1
  1  1  1  1  1  1  1  1
  1  1  1  1  1  1  1  1
  1  1  1  1  1  1  1  1
  1  1  1  1  1  1  1  1

After traversal one circle:
  1  1  1  1  1  1  1  1
  1  1  1  1  1  1  1  1
  1  1  1  1  1  1  1  1
  1  1  1  1  1  1  1  1
  1  1  1  1  1  1  1  1
  1  1  1  1  1  1  1  1
  1  1  1  1  1  1  1  1
  1  1  1  1  1  1  1  1

Print out the array list: 
 1 2 3 4 5 6 7 8 16 24 32 40 48 56 64 63 62 61 60 59 58 57 49 41 33 25 17 9 10 11 12 13 14 15 23 31 39 47 55 54 53 52 51 50 42 34 26 18 19 20 21 22 30 38 46 45 44 43 35 27 28 29 37 36


