This is Spiral Matrix II program.
Please input the boundary of matrix: 
n = 5
  1  2  3  4  5
 16  0  0  0  6
 15  0  0  0  7
 14  0  0  0  8
 13 12 11 10  9

  1  2  3  4  5
 16 17 18 19  6
 15 24  0 20  7
 14 23 22 21  8
 13 12 11 10  9

After building the spiral matrix:
  1  2  3  4  5
 16 17 18 19  6
 15 24 25 20  7
 14 23 22 21  8
 13 12 11 10  9


///////////////////////


This is Spiral Matrix II program.
Please input the boundary of matrix: 
n = 9
  1  2  3  4  5  6  7  8  9
 32  0  0  0  0  0  0  0 10
 31  0  0  0  0  0  0  0 11
 30  0  0  0  0  0  0  0 12
 29  0  0  0  0  0  0  0 13
 28  0  0  0  0  0  0  0 14
 27  0  0  0  0  0  0  0 15
 26  0  0  0  0  0  0  0 16
 25 24 23 22 21 20 19 18 17

  1  2  3  4  5  6  7  8  9
 32 33 34 35 36 37 38 39 10
 31 56  0  0  0  0  0 40 11
 30 55  0  0  0  0  0 41 12
 29 54  0  0  0  0  0 42 13
 28 53  0  0  0  0  0 43 14
 27 52  0  0  0  0  0 44 15
 26 51 50 49 48 47 46 45 16
 25 24 23 22 21 20 19 18 17

  1  2  3  4  5  6  7  8  9
 32 33 34 35 36 37 38 39 10
 31 56 57 58 59 60 61 40 11
 30 55 72  0  0  0 62 41 12
 29 54 71  0  0  0 63 42 13
 28 53 70  0  0  0 64 43 14
 27 52 69 68 67 66 65 44 15
 26 51 50 49 48 47 46 45 16
 25 24 23 22 21 20 19 18 17

  1  2  3  4  5  6  7  8  9
 32 33 34 35 36 37 38 39 10
 31 56 57 58 59 60 61 40 11
 30 55 72 73 74 75 62 41 12
 29 54 71 80  0 76 63 42 13
 28 53 70 79 78 77 64 43 14
 27 52 69 68 67 66 65 44 15
 26 51 50 49 48 47 46 45 16
 25 24 23 22 21 20 19 18 17

After building the spiral matrix:
  1  2  3  4  5  6  7  8  9
 32 33 34 35 36 37 38 39 10
 31 56 57 58 59 60 61 40 11
 30 55 72 73 74 75 62 41 12
 29 54 71 80 81 76 63 42 13
 28 53 70 79 78 77 64 43 14
 27 52 69 68 67 66 65 44 15
 26 51 50 49 48 47 46 45 16
 25 24 23 22 21 20 19 18 17


////////////////////////////////////////////
////////////////////////////////////////////
////////////////////////////////////////////

This is Spiral Matrix II program.
Please input the boundary of matrix: 
n = 12
   1   2   3   4   5   6   7   8   9  10  11  12
  44   0   0   0   0   0   0   0   0   0   0  13
  43   0   0   0   0   0   0   0   0   0   0  14
  42   0   0   0   0   0   0   0   0   0   0  15
  41   0   0   0   0   0   0   0   0   0   0  16
  40   0   0   0   0   0   0   0   0   0   0  17
  39   0   0   0   0   0   0   0   0   0   0  18
  38   0   0   0   0   0   0   0   0   0   0  19
  37   0   0   0   0   0   0   0   0   0   0  20
  36   0   0   0   0   0   0   0   0   0   0  21
  35   0   0   0   0   0   0   0   0   0   0  22
  34  33  32  31  30  29  28  27  26  25  24  23

   1   2   3   4   5   6   7   8   9  10  11  12
  44  45  46  47  48  49  50  51  52  53  54  13
  43  80   0   0   0   0   0   0   0   0  55  14
  42  79   0   0   0   0   0   0   0   0  56  15
  41  78   0   0   0   0   0   0   0   0  57  16
  40  77   0   0   0   0   0   0   0   0  58  17
  39  76   0   0   0   0   0   0   0   0  59  18
  38  75   0   0   0   0   0   0   0   0  60  19
  37  74   0   0   0   0   0   0   0   0  61  20
  36  73   0   0   0   0   0   0   0   0  62  21
  35  72  71  70  69  68  67  66  65  64  63  22
  34  33  32  31  30  29  28  27  26  25  24  23

   1   2   3   4   5   6   7   8   9  10  11  12
  44  45  46  47  48  49  50  51  52  53  54  13
  43  80  81  82  83  84  85  86  87  88  55  14
  42  79 108   0   0   0   0   0   0  89  56  15
  41  78 107   0   0   0   0   0   0  90  57  16
  40  77 106   0   0   0   0   0   0  91  58  17
  39  76 105   0   0   0   0   0   0  92  59  18
  38  75 104   0   0   0   0   0   0  93  60  19
  37  74 103   0   0   0   0   0   0  94  61  20
  36  73 102 101 100  99  98  97  96  95  62  21
  35  72  71  70  69  68  67  66  65  64  63  22
  34  33  32  31  30  29  28  27  26  25  24  23

   1   2   3   4   5   6   7   8   9  10  11  12
  44  45  46  47  48  49  50  51  52  53  54  13
  43  80  81  82  83  84  85  86  87  88  55  14
  42  79 108 109 110 111 112 113 114  89  56  15
  41  78 107 128   0   0   0   0 115  90  57  16
  40  77 106 127   0   0   0   0 116  91  58  17
  39  76 105 126   0   0   0   0 117  92  59  18
  38  75 104 125   0   0   0   0 118  93  60  19
  37  74 103 124 123 122 121 120 119  94  61  20
  36  73 102 101 100  99  98  97  96  95  62  21
  35  72  71  70  69  68  67  66  65  64  63  22
  34  33  32  31  30  29  28  27  26  25  24  23

   1   2   3   4   5   6   7   8   9  10  11  12
  44  45  46  47  48  49  50  51  52  53  54  13
  43  80  81  82  83  84  85  86  87  88  55  14
  42  79 108 109 110 111 112 113 114  89  56  15
  41  78 107 128 129 130 131 132 115  90  57  16
  40  77 106 127 140   0   0 133 116  91  58  17
  39  76 105 126 139   0   0 134 117  92  59  18
  38  75 104 125 138 137 136 135 118  93  60  19
  37  74 103 124 123 122 121 120 119  94  61  20
  36  73 102 101 100  99  98  97  96  95  62  21
  35  72  71  70  69  68  67  66  65  64  63  22
  34  33  32  31  30  29  28  27  26  25  24  23

   1   2   3   4   5   6   7   8   9  10  11  12
  44  45  46  47  48  49  50  51  52  53  54  13
  43  80  81  82  83  84  85  86  87  88  55  14
  42  79 108 109 110 111 112 113 114  89  56  15
  41  78 107 128 129 130 131 132 115  90  57  16
  40  77 106 127 140 141 142 133 116  91  58  17
  39  76 105 126 139 144 143 134 117  92  59  18
  38  75 104 125 138 137 136 135 118  93  60  19
  37  74 103 124 123 122 121 120 119  94  61  20
  36  73 102 101 100  99  98  97  96  95  62  21
  35  72  71  70  69  68  67  66  65  64  63  22
  34  33  32  31  30  29  28  27  26  25  24  23

After building the spiral matrix:
   1   2   3   4   5   6   7   8   9  10  11  12
  44  45  46  47  48  49  50  51  52  53  54  13
  43  80  81  82  83  84  85  86  87  88  55  14
  42  79 108 109 110 111 112 113 114  89  56  15
  41  78 107 128 129 130 131 132 115  90  57  16
  40  77 106 127 140 141 142 133 116  91  58  17
  39  76 105 126 139 144 143 134 117  92  59  18
  38  75 104 125 138 137 136 135 118  93  60  19
  37  74 103 124 123 122 121 120 119  94  61  20
  36  73 102 101 100  99  98  97  96  95  62  21
  35  72  71  70  69  68  67  66  65  64  63  22
  34  33  32  31  30  29  28  27  26  25  24  23

